1.1107840538024902
0.11244678497314453
0.0768742561340332
0.11264967918395996
0.09912848472595215
0.11446189880371094
0.09134554862976074
0.07599043846130371
0.5906286239624023
0.07639765739440918
0.7758820056915283
0.07547688484191895
0.11447858810424805
0.413466215133667
0.15132570266723633
0.11346316337585449
0.06502676010131836
0.1111612319946289
0.5159347057342529
0.11301946640014648
0.08725500106811523
0.378709077835083
0.17548704147338867
0.1134340763092041
0.08437061309814453
0.15130019187927246
0.40958738327026367
0.37920284271240234
0.07771635055541992
0.4546322822570801
0.08409452438354492
0.33944249153137207